Lidar-Slam-Simulation-master\map2.png
2.834395170211792 100.0 400.0 0.0
2.8954012393951416 100.0 400.0 0.0
2.95823335647583 100.0 400.0 0.0
3.020881175994873 100.0 400.0 0.0
3.083244800567627 100.0 400.0 0.0
3.143613576889038 100.0 400.0 0.0
3.205580711364746 100.0 400.0 0.0
3.2679035663604736 100.0 400.0 0.0
3.329580545425415 100.0 400.0 0.0
3.3925697803497314 100.0 400.0 0.0
3.452997922897339 100.0 400.0 0.0
3.515961170196533 100.0 400.0 0.0
3.5776450634002686 100.0 400.0 0.0
3.6399245262145996 100.0 400.0 0.0
3.7021169662475586 100.0 400.0 0.0
3.764281749725342 100.0 400.0 0.0
3.8250746726989746 100.0 400.0 0.0
3.8870961666107178 100.0 400.0 0.0
3.9501214027404785 100.0 400.0 0.0
4.0127904415130615 100.0 400.0 0.0
4.074692010879517 100.0 400.0 0.0
4.137910842895508 100.0 400.0 0.0
4.200211048126221 100.0 400.0 0.0
4.262754917144775 100.0 400.0 0.0
4.322728395462036 100.0 400.0 0.0
4.3862221240997314 100.0 400.0 0.0
4.447367191314697 100.0 400.0 0.0
4.509677410125732 100.0 400.0 0.0
4.572618722915649 100.0 400.0 0.0
4.634145975112915 100.0 400.0 0.0
4.697234869003296 100.0 400.0 0.0
4.760366678237915 100.0 400.0 0.0
4.822411298751831 100.0 400.0 0.0
4.885214567184448 100.0 400.0 0.0
4.94718337059021 100.0 400.0 0.0
5.009733438491821 100.0 400.0 0.0
5.071869134902954 100.0 400.0 0.0
5.133445739746094 100.0 400.0 0.0
5.1953980922698975 100.0 400.0 0.0
5.2571024894714355 100.0 400.0 0.0
5.318269729614258 100.0 400.0 0.0
5.380328178405762 100.0 400.0 0.0
5.44319224357605 100.0 400.0 0.0
5.506253004074097 100.0 400.0 0.0
5.55797553062439 100.0 400.0 0.0
5.615859508514404 100.0 400.0 0.0
5.677156209945679 100.0 400.0 0.0
5.739307403564453 100.0 400.0 0.0
5.802279233932495 100.0 400.0 0.0
5.865309953689575 103.0935287475586 400.0 0.0
5.92754054069519 109.31658744812012 400.0 0.0
5.988290309906006 115.39156436920166 400.0 0.0
6.038693428039551 120.43187618255615 400.0 0.0
6.097971200942993 126.35965347290039 400.0 0.0
6.159722566604614 132.5347900390625 400.0 0.0
6.223315715789795 138.89410495758057 400.0 0.0
6.285421133041382 145.10464668273926 400.0 0.0
6.346325159072876 151.19504928588867 400.0 0.0
6.409413814544678 157.50391483306885 400.0 0.0
6.470952987670898 163.65783214569092 400.0 0.0
6.533326864242554 169.89521980285645 400.0 0.0
6.594209671020508 175.98350048065186 400.0 0.0
6.655673265457153 177.48398780822754 400.0 0.0
6.718953847885132 177.48398780822754 400.0 0.0
6.782407760620117 177.48398780822754 400.0 0.0
6.844592571258545 177.48398780822754 400.0 0.0
6.905316591262817 177.48398780822754 400.0 -5.4651618003845215
6.967764616012573 177.48398780822754 400.0 -11.085484027862549
7.027702569961548 177.48398780822754 400.0 -15.130727291107178
7.090369462966919 177.48398780822754 400.0 -15.130727291107178
7.153345346450806 177.48398780822754 400.0 -15.130727291107178
7.215353965759277 177.48398780822754 400.0 -15.130727291107178
7.2775657176971436 177.48398780822754 400.0 -15.130727291107178
7.3399999141693115 177.48398780822754 400.0 -15.130727291107178
7.403432369232178 177.48398780822754 400.0 -15.130727291107178
7.4657883644104 177.48398780822754 400.0 -15.130727291107178
7.52885103225708 177.48398780822754 400.0 -15.130727291107178
7.59124493598938 177.48398780822754 400.0 -15.130727291107178
7.652188301086426 177.48398780822754 400.0 -15.130727291107178
7.714649438858032 177.48398780822754 400.0 -15.130727291107178
7.775859594345093 177.48398780822754 400.0 -15.130727291107178
7.83797812461853 177.48398780822754 400.0 -15.130727291107178
7.902762413024902 177.48398780822754 400.0 -16.69893980026245
7.963089227676392 177.48398780822754 400.0 -22.128353118896484
8.025580883026123 177.48398780822754 400.0 -27.752602100372314
8.087578296661377 177.48398780822754 400.0 -33.332369327545166
8.149837970733643 177.48398780822754 400.0 -38.93573999404907
8.214385747909546 177.48398780822754 400.0 -44.74503993988037
8.278729677200317 177.48398780822754 400.0 -50.535993576049805
8.34023928642273 177.48398780822754 400.0 -56.071858406066895
8.403311967849731 177.48398780822754 400.0 -56.071858406066895
8.46649432182312 178.33908126127966 398.7288358175813 -56.071858406066895
8.528302669525146 181.78893095936067 393.6003608476515 -56.071858406066895
8.589237928390503 185.1900489671188 388.5443293972763 -56.071858406066895
8.651203632354736 188.64868154767197 383.4027979765256 -56.071858406066895
8.712472915649414 192.06844321958692 378.3190512419079 -56.071858406066895
8.776151895523071 195.6227027599053 373.0353627672198 -56.071858406066895
8.837096929550171 199.02436637096855 367.97852023429357 -56.071858406066895
8.899498701095581 202.50733818188777 362.80080661876815 -56.071858406066895
8.962339401245117 206.01480891194532 357.58667341845296 -56.071858406066895
9.025188207626343 209.52273209352418 352.3718676130955 -56.071858406066895
9.087989330291748 213.027993795566 347.1610183079868 -56.071858406066895
9.150263786315918 216.5038594561214 341.9938685481255 -56.071858406066895
9.211361646652222 219.9140531091008 336.92434543190205 -56.071858406066895
9.272331714630127 223.31711399692094 331.86542573634523 -56.071858406066895
9.334678173065186 226.79699849157723 326.6923016611083 -56.071858406066895
9.397531986236572 230.3052011285074 321.47708042322466 -56.071858406066895
9.448553562164307 233.15298423312095 317.24362515706525 -56.071858406066895
9.50638723373413 236.38098630439342 312.44494426536977 -56.071858406066895
9.570037603378296 239.93364895698957 307.16362969083093 -56.071858406066895
9.632209777832031 243.40380574393808 302.0049666240032 -56.071858406066895
9.69438624382019 246.8742020640449 296.84594747215306 -56.071858406066895
9.756967782974243 250.36720765281873 291.65331785068986 -56.071858406066895
9.819772720336914 253.87268227322352 286.44215202556126 -56.071858406066895
9.881706953048706 257.32955827728233 281.3032318949748 -56.071858406066895
9.942192316055298 260.70556522560867 276.2845300244465 -56.071858406066895
10.003722190856934 264.13987188319345 271.1791610159694 -56.071858406066895
10.0667085647583 267.65547343323664 265.9529407073943 -56.071858406066895
10.128443479537964 271.1012244528306 260.8305587478476 -56.071858406066895
10.191084861755371 274.59757019842334 255.6329637185722 -56.071858406066895
10.253347873687744 278.0727971038898 250.46676351877065 -56.071858406066895
10.314588785171509 281.5801477880851 245.4479697688478 -53.334782123565674
10.37725830078125 284.5654132840235 241.82455606279808 -49.10858631134033
10.439541339874268 284.5654132840235 241.82455606279808 -49.10858631134033
10.501341104507446 284.5654132840235 241.82455606279808 -49.10858631134033
10.564196348190308 284.5654132840235 241.82455606279808 -49.10858631134033
10.626916408538818 284.5654132840235 241.82455606279808 -49.10858631134033
10.689342498779297 284.5654132840235 241.82455606279808 -49.10858631134033
10.751416444778442 284.5654132840235 241.82455606279808 -44.97901439666748
10.814250469207764 284.5654132840235 241.82455606279808 -39.323952198028564
10.876577138900757 284.5654132840235 241.82455606279808 -33.71455192565918
10.938628911972046 284.5654132840235 241.82455606279808 -28.129892349243164
11.001220226287842 284.5654132840235 241.82455606279808 -22.496674060821533
11.062593936920166 284.5654132840235 241.82455606279808 -16.973040103912354
11.125399112701416 284.5654132840235 241.82455606279808 -11.320574283599854
11.187499761581421 284.5654132840235 241.82455606279808 -5.731515884399414
11.2485830783844 284.5654132840235 241.82455606279808 -0.23401737213134766
11.311110734939575 284.5654132840235 241.82455606279808 1.4595937728881836
11.372568845748901 284.5654132840235 241.82455606279808 1.4595937728881836
11.434209823608398 284.5654132840235 241.82455606279808 1.4595937728881836
11.49656629562378 284.5654132840235 241.82455606279808 1.4595937728881836
11.559756994247437 284.5654132840235 241.82455606279808 1.4595937728881836
11.622557163238525 284.5654132840235 241.82455606279808 1.4595937728881836
11.68483591079712 284.5654132840235 241.82455606279808 1.4595937728881836
11.746603965759277 284.5654132840235 241.82455606279808 1.4595937728881836
11.808603286743164 284.5654132840235 241.82455606279808 1.4595937728881836
11.871371746063232 284.5654132840235 241.82455606279808 1.4595937728881836
11.934608697891235 284.5654132840235 241.82455606279808 1.4595937728881836
11.996345281600952 284.5654132840235 241.82455606279808 1.4595937728881836
12.061277627944946 284.5654132840235 241.82455606279808 1.4595937728881836
12.121204376220703 284.5654132840235 241.82455606279808 1.4595937728881836
12.184412956237793 284.5654132840235 241.82455606279808 1.4595937728881836
12.246676921844482 284.5654132840235 241.82455606279808 -1.3578200340270996
12.30966305732727 284.5654132840235 241.82455606279808 -7.026572227478027
12.371453762054443 284.5654132840235 241.82455606279808 -12.587735652923584
12.434311151504517 284.5654132840235 241.82455606279808 -18.244900703430176
12.496364116668701 284.5654132840235 241.82455606279808 -23.829667568206787
12.558390617370605 284.5654132840235 241.82455606279808 -29.412052631378174
12.619543313980103 284.5654132840235 241.82455606279808 -34.91579532623291
12.669787883758545 284.5654132840235 241.82455606279808 -39.437806606292725
12.728795051574707 284.5654132840235 241.82455606279808 -44.748451709747314
12.790019750595093 284.5654132840235 241.82455606279808 -50.25867462158203
12.853052139282227 284.5654132840235 241.82455606279808 -55.93158960342407
12.914709568023682 284.5654132840235 241.82455606279808 -61.48075819015503
12.97737193107605 284.5654132840235 241.82455606279808 -67.12037086486816
13.040309190750122 284.5654132840235 241.82455606279808 -72.78472423553467
13.103279113769531 284.5654132840235 241.82455606279808 -78.4520173072815
13.166532754898071 284.5654132840235 241.82455606279808 -84.1448450088501
13.227699995040894 284.5654132840235 241.82455606279808 -86.95837497711182
13.278100967407227 284.5654132840235 241.82455606279808 -86.95837497711182
13.329622507095337 284.5654132840235 241.82455606279808 -86.95837497711182
13.383423089981079 284.5654132840235 241.82455606279808 -86.95837497711182
13.446123361587524 284.5654132840235 241.82455606279808 -86.95837497711182
13.50835394859314 284.5654132840235 241.82455606279808 -86.95837497711182
13.57041883468628 284.82025166867675 237.0286180169303 -86.95837497711182
13.63142704963684 285.14397004503576 230.9363910573246 -86.95837497711182
13.693269491195679 285.47211494794317 224.76085895860803 -86.95837497711182
13.756078720092773 285.8053897637266 218.48878432228224 -86.95837497711182
13.817911148071289 286.1334815331344 212.31425217093428 -86.95837497711182
13.881386280059814 286.4702897266399 205.97568103459807 -86.95837497711182
13.94198203086853 286.7918195088496 199.92464238326954 -86.95837497711182
14.004518747329712 287.1236483343945 193.67978060033153 -86.95837497711182
14.069899082183838 287.4705658087368 187.1509575729879 -86.95837497711182
14.123227596282959 287.7535345861678 181.82561882026985 -86.95837497711182
14.17385196685791 288.02215478854544 176.77031347360935 -86.95837497711182
14.234852075576782 288.34583015207147 170.67889599520677 -86.95837497711182
14.297131776809692 288.6762952177938 164.4596995280623 -86.95837497711182
14.35883116722107 289.00368107070705 158.29845239175398 -86.95837497711182
14.42176103591919 289.3375960186521 152.0143307704639 -86.95837497711182
14.483517169952393 289.6652829613964 145.84741726573364 -86.95837497711182
14.533664226531982 289.9313704669607 140.83977607697537 -86.95837497711182
14.594203472137451 290.0043316174675 139.46668168202237 -86.95837497711182
14.657583236694336 290.0043316174675 139.46668168202237 -85.47749519348145
14.717823028564453 290.0043316174675 139.46668168202237 -80.0559139251709
14.77998661994934 290.0043316174675 139.46668168202237 -74.461190700531
14.842464923858643 290.0043316174675 139.46668168202237 -68.83814334869385
14.90457034111023 290.0043316174675 139.46668168202237 -63.248655796051025
14.96605396270752 290.0043316174675 139.46668168202237 -57.71512985229492
15.029537677764893 290.0043316174675 139.46668168202237 -52.00159549713135
15.091792106628418 290.0043316174675 139.46668168202237 -52.00159549713135
15.155784845352173 290.0043316174675 139.46668168202237 -52.00159549713135
15.218703746795654 290.0043316174675 139.46668168202237 -52.00159549713135
15.27146601676941 290.0043316174675 139.46668168202237 -52.00159549713135
15.328665256500244 290.0043316174675 139.46668168202237 -52.00159549713135
15.389709949493408 290.0043316174675 139.46668168202237 -52.00159549713135
15.452378273010254 290.0043316174675 139.46668168202237 -52.00159549713135
15.516310930252075 291.0214869848699 138.16470745135203 -52.00159549713135
15.578361749649048 294.84158072379654 133.27492977704304 -52.00159549713135
15.639777898788452 298.6226016527139 128.43516588959724 -52.00159549713135
15.701467990875244 301.50011889262936 124.75190036817807 -52.00159549713135
15.764431238174438 301.50011889262936 124.75190036817807 -52.00159549713135
15.819231510162354 301.50011889262936 124.75190036817807 -48.31937313079834
15.87225341796875 301.50011889262936 124.75190036817807 -43.547401428222656
15.934470176696777 301.50011889262936 124.75190036817807 -37.947893142700195
15.996469736099243 301.50011889262936 124.75190036817807 -32.36793279647827
16.058961868286133 301.50011889262936 124.75190036817807 -26.743640899658203
16.12178945541382 301.50011889262936 124.75190036817807 -21.089158058166504
16.183509826660156 301.50011889262936 124.75190036817807 -19.696640968322754
16.245365858078003 301.50011889262936 124.75190036817807 -19.696640968322754
16.307944297790527 301.50011889262936 124.75190036817807 -19.696640968322754
16.371023654937744 301.50011889262936 124.75190036817807 -19.696640968322754
16.432068347930908 301.50011889262936 124.75190036817807 -19.696640968322754
16.49419331550598 301.50011889262936 124.75190036817807 -19.696640968322754
16.556339263916016 301.50011889262936 124.75190036817807 -19.696640968322754
16.620407819747925 306.03310879568016 123.12915481968595 -19.696640968322754
16.68207287788391 311.8388142398148 121.05079531154209 -19.696640968322754
16.744476079940796 317.71401521853016 118.9475573960351 -19.696640968322754
16.806984186172485 323.5990928236071 116.84078378955918 -19.696640968322754
16.867133378982544 329.2620810168164 114.81351501591621 -19.696640968322754
16.92892050743103 335.0792792625354 112.73104124919033 -19.696640968322754
16.99207639694214 341.02534503539533 110.60243475098132 -19.696640968322754
17.05497694015503 346.94737020181594 108.48243444601714 -19.696640968322754
17.117125034332275 352.9119531337803 106.74507148111785 -14.103312492370605
17.17890977859497 358.982202287362 105.60601392506176 -8.542685508728027
17.24106478691101 365.17130306759816 105.05949339829526 -2.948734760284424
17.291168451309204 370.1805447159063 105.05774750314445 1.5605950355529785
17.352124214172363 376.2557178880179 105.54181164220466 5.492520332336426
17.413020610809326 382.3173982016261 106.12468642230553 5.492520332336426
17.46480679512024 387.4722400525446 106.62036206913295 5.492520332336426
17.52095913887024 393.06169321348466 107.15782876376431 5.492520332336426
17.584126472473145 399.3494245688641 107.76244000049887 5.492520332336426
17.646291255950928 405.5373612123645 108.35745524771691 5.492520332336426
17.709649324417114 408.61915481658934 108.65379218342535 5.492520332336426
17.771790742874146 408.61915481658934 108.65379218342535 5.492520332336426
17.83295702934265 408.61915481658934 108.65379218342535 5.492520332336426
17.8954598903656 408.61915481658934 108.65379218342535 5.492520332336426
17.958928108215332 408.61915481658934 108.65379218342535 5.492520332336426
18.02015495300293 408.61915481658934 108.65379218342535 5.492520332336426
18.083080291748047 408.61915481658934 108.65379218342535 5.492520332336426
18.14418339729309 408.61915481658934 108.65379218342535 2.697615623474121
18.194290161132812 408.61915481658934 108.65379218342535 -1.81199312210083
18.254154682159424 408.61915481658934 108.65379218342535 -7.19980001449585
18.316373109817505 408.61915481658934 108.65379218342535 -12.799458503723145
18.377568244934082 408.61915481658934 108.65379218342535 -14.21107292175293
18.44015598297119 408.61915481658934 108.65379218342535 -14.21107292175293
18.501417636871338 408.61915481658934 108.65379218342535 -14.21107292175293
18.564082145690918 408.61915481658934 108.65379218342535 -12.704036235809326
18.62520122528076 408.61915481658934 108.65379218342535 -7.203319072723389
18.685563802719116 408.61915481658934 108.65379218342535 -1.7706871032714844
18.749534368515015 408.61915481658934 108.65379218342535 3.986663818359375
18.81112790107727 408.61915481658934 108.65379218342535 9.530081748962402
18.87346053123474 408.61915481658934 108.65379218342535 15.140018463134766
18.93603491783142 408.61915481658934 108.65379218342535 19.292550086975098
18.99606442451477 408.61915481658934 108.65379218342535 19.292550086975098
19.058090925216675 408.61915481658934 108.65379218342535 19.292550086975098
19.11842107772827 408.61915481658934 108.65379218342535 19.292550086975098
19.181381464004517 408.61915481658934 108.65379218342535 19.292550086975098
19.24239468574524 408.61915481658934 108.65379218342535 19.292550086975098
19.302913188934326 408.61915481658934 108.65379218342535 19.292550086975098
19.364853143692017 408.61915481658934 108.65379218342535 17.912800312042236
19.426456689834595 408.61915481658934 108.65379218342535 12.368481159210205
19.48815631866455 408.61915481658934 108.65379218342535 6.81551456451416
19.55112099647522 408.61915481658934 108.65379218342535 1.148693561553955
19.61346936225891 408.61915481658934 108.65379218342535 -4.4626593589782715
19.675164699554443 408.61915481658934 108.65379218342535 -8.651647567749023
19.73816967010498 408.61915481658934 108.65379218342535 -8.651647567749023
19.800201654434204 408.61915481658934 108.65379218342535 -8.651647567749023
19.862040042877197 408.61915481658934 108.65379218342535 -8.651647567749023
19.925729036331177 408.61915481658934 108.65379218342535 -8.651647567749023
19.986372232437134 410.08687037989904 108.43046760016274 -8.651647567749023
20.048911809921265 416.26966550125593 107.48970620306922 -8.651647567749023
20.101219415664673 421.4409062196997 106.70286084469961 -8.651647567749023
20.158002614974976 427.05461359979614 105.84869066857146 -8.651647567749023
20.22102928161621 433.28556338713196 104.90060215648323 -8.651647567749023
20.282358646392822 439.348714316365 103.9780455737378 -8.651647567749023
20.34421181678772 445.4636497787139 103.0476095628752 -8.651647567749023
20.4063777923584 451.6095098234242 102.11246813112515 -8.651647567749023
20.469264268875122 457.82660011805535 101.16648845095905 -8.651647567749023
20.531474351882935 463.97682071744316 100.23068352617227 -8.651647567749023
20.593377351760864 470.0966824280493 99.29949794750063 -8.651647567749023
20.655446529388428 476.2329728230349 98.36581261398253 -8.651647567749023
20.71636128425598 482.2551345382996 97.44949286578228 -8.651647567749023
20.778730154037476 488.42105313452635 96.51129936606331 -8.651647567749023
20.84028196334839 494.5484921143402 95.95246729916033 -3.1119847297668457
20.90218687057495 500.7361125001211 95.98046302919637 2.4594569206237793
20.96510672569275 506.99117906425016 96.63794838925574 8.122243881225586
21.02708411216736 513.0598841275087 97.88467807592981 13.70020866394043
21.089935541152954 519.1662037584713 99.37326190623132 13.70020866394043
21.1520254611969 525.198539120904 100.84381003049614 13.70020866394043
21.214465141296387 531.2648553605857 102.32264193082729 13.70020866394043
21.27628517150879 537.2709696234643 103.7867979388637 13.70020866394043
21.338521242141724 543.317504220903 105.26080751829461 13.70020866394043
21.40202045440674 549.4867591234985 106.76473355689349 13.70020866394043
21.46352195739746 555.4619269296595 108.22134551256138 13.70020866394043
21.527154445648193 561.6441302374234 109.72842808205398 13.70020866394043
21.58840537071228 567.5949531887863 111.17910530790205 13.70020866394043
21.651121139526367 573.6880927794253 112.66447613985203 13.70020866394043
21.712306022644043 579.6050130622713 114.2171366652481 16.46653175354004
21.775779724121094 585.5658843542777 116.39107726574073 22.17916488647461
21.83810067176819 591.1799268765368 119.09132392728002 27.788050174713135
21.89987063407898 596.4579200666165 122.29589208135639 33.347346782684326
21.962494134902954 601.4696634327767 126.04711820373531 38.98346185684204
22.02284860610962 605.9959674941499 130.03896481257937 41.76495552062988
22.08555579185486 610.6731932576371 134.21574235013767 41.76495552062988
22.147172212600708 615.2690606553098 138.31986660730934 41.76495552062988
22.20963954925537 619.7718344468957 142.64633238903875 45.96063852310181
22.272053003311157 623.826008306968 147.3885470242733 51.57784938812256
22.33416986465454 627.3866523818649 152.4754632880621 57.1683669090271
22.395390510559082 630.3897832068855 157.80783164858576 62.67822504043579
22.456626892089844 632.8674873849043 163.40547608844935 68.18949937820435
22.520047426223755 634.8520656053679 169.42642011174598 73.89734745025635
22.582093000411987 636.2062654739425 175.47902476569885 79.48144912719727
22.64461350440979 636.9680853856769 181.6821099069092 85.10829448699951
22.707910776138306 637.1149622972201 188.00767472630022 90.80504894256592
22.769979000091553 636.6496458937627 194.19469062093657 96.39118909835815
22.833025217056274 635.5619016142198 200.40225728214222 102.0653486251831
22.894357442855835 633.9214524261921 206.30960386722836 107.58524894714355
22.956385612487793 631.6914980922409 212.0951261425677 113.16778421401978
23.018484354019165 628.9053218984241 217.64216823171142 118.75667095184326
23.079267501831055 625.6694225519026 222.78492779219525 124.22715425491333
23.142202138900757 621.8179268756065 227.7590075494109 129.89127159118652
23.204036474227905 617.5731359979102 232.25207759066163 135.45636177062988
23.26630163192749 612.8784362357286 236.3386089838804 141.06022596359253
23.32803463935852 607.8522770767073 239.91906564198882 146.61619663238525
23.39211416244507 602.2948889769951 243.1037202204914 152.38335371017456
23.455097436904907 596.5465973762617 245.67173841643833 158.05184841156006
23.51703977584839 590.6733983253104 247.6326009810532 163.6266589164734
23.579007148742676 584.635001345209 249.01400785615425 169.20372247695923
23.64009428024292 578.5790231230321 249.7978756061489 174.7015643119812
23.702038764953613 572.3899399709711 249.99382394433576 180.2765679359436
23.76328992843628 566.279952304594 249.59634574914628 185.78917264938354
23.825235605239868 560.1685960473959 248.59842527356693 191.36428356170654
23.887065887451172 554.1931937030506 247.0188259352166 196.92900896072388
23.94898772239685 552.5838893747646 246.48173674203883 201.129412651062
24.011399507522583 552.5838893747646 246.48173674203883 201.129412651062
24.06391716003418 552.5838893747646 246.48173674203883 201.129412651062
24.122007846832275 552.5838893747646 246.48173674203883 196.1716389656067
24.184051275253296 552.5838893747646 246.48173674203883 190.58773040771484
24.24447798728943 552.5838893747646 246.48173674203883 185.1493263244629
24.30647611618042 552.5838893747646 246.48173674203883 179.56949472427368
24.368166208267212 552.5838893747646 246.48173674203883 174.0173864364624
24.419336080551147 552.5838893747646 246.48173674203883 169.4120979309082
24.477555513381958 552.5838893747646 246.48173674203883 164.17234897613525
24.539846420288086 552.5838893747646 246.48173674203883 158.56616735458374
24.60211968421936 552.5838893747646 246.48173674203883 158.56616735458374
24.664251565933228 548.1987824645262 248.20322908732973 158.56616735458374
24.726327180862427 542.4205347010902 250.47163656235034 158.56616735458374
24.788598775863647 536.6240443247679 252.747205668566 158.56616735458374
24.850160360336304 530.893644582479 254.9968291084814 158.56616735458374
24.913158655166626 525.0295100649431 257.29895375226704 158.56616735458374
24.975255489349365 519.2492871280925 259.56813663504477 158.56616735458374
25.039243698120117 513.2930074418167 261.9064353575674 158.56616735458374
25.102011680603027 507.4503113233661 264.2001437778317 158.56616735458374
25.16347622871399 505.9491351422722 264.7894710981423 158.56616735458374
25.225433826446533 505.9491351422722 264.7894710981423 158.56616735458374
25.287657260894775 505.9491351422722 264.7894710981423 158.56616735458374
25.349364042282104 505.9491351422722 264.7894710981423 158.56616735458374
25.41097593307495 505.9491351422722 264.7894710981423 158.56616735458374
25.474011182785034 505.9491351422722 264.7894710981423 158.56616735458374
25.53536033630371 505.9491351422722 264.7894710981423 158.56616735458374
25.596246242523193 505.9491351422722 264.7894710981423 158.56616735458374
25.658499240875244 505.9491351422722 264.7894710981423 155.80774068832397
25.722043752670288 505.9491351422722 264.7894710981423 150.08873462677002
25.78342032432556 505.9491351422722 264.7894710981423 144.5648431777954
25.845348358154297 505.9491351422722 264.7894710981423 138.99132013320923
25.907254934310913 505.9491351422722 264.7894710981423 133.41972827911377
25.969836950302124 505.9491351422722 264.7894710981423 130.61244249343872
26.032162189483643 505.9491351422722 264.7894710981423 125.00317096710205
26.093937158584595 505.9491351422722 264.7894710981423 119.44342374801636
26.155991554260254 505.9491351422722 264.7894710981423 113.85852813720703
26.217540502548218 505.9491351422722 264.7894710981423 108.31912279129028
26.27911639213562 505.9491351422722 264.7894710981423 102.77729272842407
26.34019422531128 505.9491351422722 264.7894710981423 99.98519897460938
26.40204358100891 505.9491351422722 264.7894710981423 99.98519897460938
26.463372945785522 505.9491351422722 264.7894710981423 99.98519897460938
26.525956869125366 505.39753570379 267.9224794505011 99.98519897460938
26.588826656341553 504.3074127625212 274.1142266529477 99.98519897460938
26.65022563934326 503.24279264999274 280.16112132314345 99.98519897460938
26.71323847770691 502.15018929095055 286.3669569547277 99.98519897460938
26.77421498298645 501.092894678913 292.3722437975368 99.98519897460938
26.83603286743164 500.0210110763381 298.4603940843908 99.98519897460938
26.897992610931396 498.9466677261379 304.56251539680636 99.98519897460938
26.95920991897583 497.88519774418165 310.5915177619972 99.98519897460938
27.02114963531494 496.81120165246966 316.6916666943335 99.98519897460938
27.08338475227356 495.7320834980556 322.8209082328391 99.98519897460938
27.146520853042603 494.6373428456986 329.038883394197 99.98519897460938
27.209110975265503 493.55206912117677 335.20308771767935 99.98519897460938
27.271971464157104 492.46210740706323 341.39391917223196 99.98519897460938
27.33329200744629 491.39884739028065 347.4330886871172 99.98519897460938
27.383357048034668 490.53075077794 352.36375711673236 99.98519897460938
27.442622184753418 489.5031302305316 358.20049938562397 99.98519897460938
27.50447916984558 488.4305686470986 364.2925005097756 99.98519897460938
27.566529512405396 487.35465436564186 370.4035444939783 99.98519897460938
27.629755973815918 486.25834691605803 376.63041884640825 99.98519897460938
27.692408561706543 485.1719900757752 382.80077511728075 99.98519897460938
27.75300621986389 484.08854327504093 388.7626036540221 101.29549026489258
27.81544280052185 482.495553817679 394.7970841811926 106.91478252410889
27.87818217277527 480.304933439752 400.6735778852707 112.5613260269165
27.939643383026123 477.8124385698064 406.29160894412854 113.92493963241577
28.00422716140747 475.1933112268823 412.19506693598873 113.92493963241577
28.065174102783203 472.72167199137306 417.7660898330931 113.92493963241577
28.12548518180847 470.27581948606417 423.27898998221565 113.92493963241577
28.18871831893921 467.93108725611114 429.1489224510555 109.64183807373047
28.252386808395386 466.1704103711699 435.26490522292545 103.91167402267456
28.313708782196045 465.0572863993975 441.29298558491143 98.39269638061523
28.375651597976685 464.52751413148525 447.46224703159476 92.81784296035767
28.437561750411987 464.5626452213697 453.6519133524606 88.62213850021362
28.49918007850647 464.6722095356228 458.2070610245364 88.62213850021362
28.561138153076172 464.6722095356228 458.2070610245364 88.62213850021362
28.62325143814087 464.6722095356228 458.2070610245364 88.62213850021362
28.686392545700073 464.6722095356228 458.2070610245364 82.93943881988525
28.749069452285767 464.6722095356228 458.2070610245364 77.29851722717285
28.81113338470459 464.6722095356228 458.2070610245364 71.71276330947876
28.873594522476196 464.6722095356228 458.2070610245364 66.09126091003418
28.934546947479248 464.6722095356228 458.2070610245364 60.60554265975952
28.997019052505493 464.6722095356228 458.2070610245364 54.98305320739746
29.0611252784729 464.6722095356228 458.2070610245364 52.0867395401001
29.123218297958374 464.6722095356228 458.2070610245364 52.0867395401001
29.185536861419678 464.6722095356228 458.2070610245364 52.0867395401001
29.24643874168396 464.6722095356228 458.2070610245364 52.0867395401001
29.311052322387695 464.6722095356228 458.2070610245364 52.0867395401001
29.37353014945984 464.6722095356228 458.2070610245364 52.0867395401001
29.434550285339355 464.6722095356228 458.2070610245364 52.0867395401001
29.4980366230011 464.6722095356228 458.2070610245364 52.0867395401001
29.561209678649902 464.6722095356228 458.2070610245364 52.0867395401001
29.622068405151367 464.6722095356228 458.2070610245364 52.0867395401001
29.683414220809937 464.6722095356228 458.2070610245364 52.0867395401001
29.746326446533203 465.6649118565181 459.4816346296592 52.0867395401001
29.80756950378418 469.428100572343 464.31335598995645 52.0867395401001
29.87110424041748 473.33210560888995 469.32587753756553 52.0867395401001
29.93204164505005 477.0765129552636 474.1334846822849 52.0867395401001
29.994168519973755 480.89400942191213 479.0349341214798 52.0867395401001
30.056055545806885 484.6967679340615 483.9174608610872 52.0867395401001
30.1170711517334 484.6967679340615 483.9174608610872 52.0867395401001
30.17933988571167 484.6967679340615 483.9174608610872 49.16315317153931
30.240987539291382 484.6967679340615 483.9174608610872 43.614864349365234
30.295429944992065 484.6967679340615 483.9174608610872 38.71504783630371
30.34631896018982 484.6967679340615 483.9174608610872 35.86188554763794
30.39708113670349 484.6967679340615 483.9174608610872 35.86188554763794
30.46018934249878 484.6967679340615 483.9174608610872 35.86188554763794
30.52299165725708 484.6967679340615 483.9174608610872 35.86188554763794
30.584930896759033 484.6967679340615 483.9174608610872 37.27216958999634
30.646238803863525 484.6967679340615 483.9174608610872 42.789881229400635
30.706454753875732 484.6967679340615 483.9174608610872 48.20931673049927
30.768778800964355 484.6967679340615 483.9174608610872 53.81848096847534
30.832221269607544 484.6967679340615 483.9174608610872 59.528303146362305
30.894088983535767 484.6967679340615 483.9174608610872 65.09639739990234
30.955233335494995 484.6967679340615 483.9174608610872 70.59938907623291
31.017030715942383 484.6967679340615 483.9174608610872 76.1611533164978
31.07785177230835 484.6967679340615 483.9174608610872 76.1611533164978
31.140201568603516 484.6967679340615 483.9174608610872 76.1611533164978
31.202025651931763 484.6967679340615 483.9174608610872 76.1611533164978
31.26508665084839 484.6967679340615 483.9174608610872 76.1611533164978
31.328063011169434 486.1313472928347 489.74097430925553 76.1611533164978
31.391075372695923 487.638551525927 495.85930026095167 76.1611533164978
31.451984882354736 489.0954572594909 501.7734451147982 76.1611533164978
31.51353645324707 490.5677205734664 507.74993233786347 76.1611533164978
31.57513165473938 492.0410274957654 513.7306559714624 76.1611533164978
31.6369206905365 493.51897077635425 519.730200379727 76.1611533164978
31.69926142692566 495.22146912737486 525.7249099271818 72.04269647598267
31.762439250946045 497.5373609968511 531.6003353969827 66.35669231414795
31.82309889793396 500.29563447710086 537.0004753895136 60.897324085235596
31.886845111846924 502.78045106453953 540.9889175356334 56.66722297668457
31.94916033744812 502.78045106453953 540.9889175356334 56.66722297668457
32.01114559173584 502.78045106453953 540.9889175356334 56.66722297668457
32.07499933242798 502.78045106453953 540.9889175356334 56.66722297668457
32.13808846473694 502.78045106453953 540.9889175356334 53.791701793670654
32.199286222457886 506.6842545966426 545.699009687248 48.2839035987854
32.2611985206604 511.07565003920314 550.0600076076599 42.71179676055908
32.32444500923157 515.965412573328 554.0675704641588 37.01961278915405
32.38763403892517 518.5050386881148 555.8406777050368 31.332600116729736
32.44862461090088 518.5050386881148 555.8406777050368 25.843448638916016
32.51165294647217 518.5050386881148 555.8406777050368 20.1708984375
32.573301792144775 518.5050386881148 555.8406777050368 18.73192548751831
32.635839223861694 518.5050386881148 555.8406777050368 18.73192548751831
32.6977105140686 518.5050386881148 555.8406777050368 18.73192548751831
32.75908088684082 518.5050386881148 555.8406777050368 14.595122337341309
32.82099962234497 518.5050386881148 555.8406777050368 9.022436141967773
32.88311052322388 518.5050386881148 555.8406777050368 9.022436141967773
32.94521522521973 518.5050386881148 555.8406777050368 9.022436141967773
33.00790309906006 518.5050386881148 555.8406777050368 9.022436141967773
33.05998730659485 518.5050386881148 555.8406777050368 9.022436141967773
33.117374897003174 521.6994296400227 556.347901860836 9.022436141967773
33.17950749397278 527.8358127216751 557.322272805129 9.022436141967773
33.24300932884216 534.1074254362863 558.3181163047383 9.022436141967773
33.30454683303833 540.1850355484343 559.2831549317635 9.022436141967773
33.36704993247986 546.3580104548505 560.263336140894 9.022436141967773
33.428481578826904 552.4251657599231 561.2267146922514 9.022436141967773
33.491201639175415 558.6195683114711 562.2102983087192 9.022436141967773
33.55341458320618 564.769648193065 563.1464613832616 7.5882697105407715
33.61452889442444 570.862865735925 563.5884962582736 2.087981700897217
33.67691993713379 577.0977125351949 563.4337220363477 -3.527212142944336
33.73833656311035 583.1916295689447 562.6872942970185 -9.054708480834961
33.80130624771118 589.4101284824706 561.6962932628319 -9.054708480834961
33.86449646949768 595.6504062925903 560.7018214699706 -9.054708480834961
33.92608880996704 601.7328871676045 559.7324967307721 -9.054708480834961
33.989285707473755 607.8977455855377 558.3530582344756 -14.742429256439209
34.05022883415222 613.6860044751938 556.4529619665657 -20.22731065750122
34.113117933273315 619.4414199349804 553.9244692961594 -25.887329578399658
34.17598056793213 624.9146972389162 550.8373057447326 -31.54496669769287
34.23916530609131 630.0822184777362 547.205548372814 -37.23159313201904
34.30219268798828 634.852922998286 543.0905067905536 -42.90405750274658
34.36465549468994 639.157231913452 538.5674167924517 -48.525710105895996
34.4251446723938 642.8858420595031 533.8071086007528 -53.969736099243164
34.4886953830719 645.4599003126602 529.8749697575722 -59.68930006027222
34.55130052566528 645.4599003126602 529.8749697575722 -65.32376289367676
34.61395311355591 645.4599003126602 529.8749697575722 -70.96249580383301
34.675442695617676 645.4599003126602 529.8749697575722 -76.49655818939209
34.73776435852051 645.4599003126602 529.8749697575722 -82.10550785064697
34.80009460449219 645.4599003126602 529.8749697575722 -87.71522998809814
34.861103773117065 645.4599003126602 529.8749697575722 -93.20605516433716
34.92420148849487 645.4599003126602 529.8749697575722 -98.88484954833984
34.98719120025635 645.4599003126602 529.8749697575722 -101.74569368362427
35.051077127456665 645.4599003126602 529.8749697575722 -101.74569368362427
35.11200928688049 645.4599003126602 529.8749697575722 -101.74569368362427
35.1753306388855 644.1708791624264 523.6754245587962 -101.74569368362427
35.23595094680786 642.9368426712372 517.7403279913901 -101.74569368362427
35.29808950424194 641.6718994531703 511.6565855695783 -101.74569368362427
35.359983921051025 640.4119261610335 505.59674599872613 -101.74569368362427
35.42299246788025 639.1292727283976 499.4278263277423 -101.74569368362427
35.48399329185486 637.8874901417158 493.4554749262233 -101.74569368362427
35.54690170288086 636.6068751552622 487.2963591589534 -101.74569368362427
35.607505083084106 635.3731832585465 481.3629199181276 -101.74569368362427
35.66936922073364 634.1138263537076 475.3060448610175 -101.74569368362427
35.73115110397339 632.6391902546103 469.3087604642723 -105.89691638946533
35.79244828224182 630.6093998145719 463.52719588083653 -111.41366243362427
35.854448556900024 627.9995941435031 457.90570707271524 -116.99368715286255
35.916993856430054 624.8252626002337 452.5193161194765 -122.62276411056519
35.97802424430847 621.4147529370807 447.4581397459995 -123.97433996200562
36.04116892814636 617.8860918570483 442.2216273615842 -123.97433996200562
36.1023006439209 614.4699197725857 437.152047988034 -123.97433996200562
36.154452323913574 611.5555714495993 432.8271721386146 -123.97433996200562
36.21336102485657 608.1687090863799 428.0087369358821 -126.852285861969
36.274779081344604 604.1970222858453 423.3268541104911 -132.37991094589233
36.33712935447693 599.7251382310843 418.98567834042115 -137.9914355278015
36.40019512176514 594.7887815505785 415.0646420395356 -143.66735458374023
36.46381878852844 589.4422161721558 411.6202438573609 -149.39348459243774
36.527207374572754 583.7984666675399 408.73975004496225 -155.09845733642578
36.58764433860779 578.1773016096978 406.5254307776105 -160.53778409957886
36.64973020553589 572.2105338814997 404.8178964731902 -166.1255121231079
36.712225914001465 566.0651071430137 403.69461689363106 -171.75012588500977
36.77605414390564 559.7086272475871 403.12926695025345 -175.99056959152222
36.836567640304565 553.672087950617 402.7061525681244 -175.99056959152222
36.89911365509033 553.672087950617 402.7061525681244 -175.99056959152222
36.959864139556885 553.672087950617 402.7061525681244 -175.99056959152222
37.021058320999146 553.672087950617 402.7061525681244 -175.99056959152222
37.0822913646698 553.672087950617 402.7061525681244 -175.99056959152222
37.145594120025635 550.6078685679912 402.49137465862947 -175.99056959152222
37.20818758010864 544.3638419621991 402.0537170324076 -175.99056959152222
37.269598722457886 538.2377577640696 401.6243262502316 -175.99056959152222
37.331634759902954 532.0493369959695 401.1905661600813 -175.99056959152222
37.39309883117676 525.9179728594448 400.7608052953527 -175.99056959152222
37.456984519958496 519.545039649593 400.3141123203249 -175.99056959152222
37.51710629463196 513.5475766534477 399.8937368824926 -175.99056959152222
37.57707118988037 507.5657632044372 399.4744583560098 -175.99056959152222
37.63872051239014 501.4370069937965 398.8285103630789 -171.9037413597107
37.700947523117065 495.34364264445907 397.5779017440629 -166.3033103942871
37.76329207420349 489.390334459238 395.73447270998156 -160.6923007965088
37.826103925704956 483.6039752073753 393.2971445542699 -155.03923416137695
37.88784909248352 478.121720157824 390.45714056677707 -152.26990699768066
37.950175046920776 472.60494229971783 387.55707021772366 -152.26990699768066
38.012168645858765 467.11758286730503 384.67246460302493 -152.26990699768066
38.07297134399414 461.7356359430258 381.84327243746634 -152.26990699768066
38.13456082344055 456.2840471214812 378.97747078598934 -152.26990699768066
38.18510389328003 453.3881048935262 377.455126329882 -152.26990699768066
38.2444326877594 453.3881048935262 377.455126329882 -152.26990699768066
38.3072075843811 453.3881048935262 377.455126329882 -152.26990699768066
38.367772817611694 453.3881048935262 377.455126329882 -150.88517904281616
38.42942261695862 453.3881048935262 377.455126329882 -145.33669710159302
38.49201798439026 453.3881048935262 377.455126329882 -139.70311403274536
38.55642557144165 453.3881048935262 377.455126329882 -133.90643119812012
38.61717629432678 453.3881048935262 377.455126329882 -128.43886613845825
38.68005084991455 453.3881048935262 377.455126329882 -122.78015613555908
38.7419912815094 453.3881048935262 377.455126329882 -117.2055172920227
38.80334734916687 453.3881048935262 377.455126329882 -111.68347120285034
38.86529088020325 453.3881048935262 377.455126329882 -106.10855340957642
38.9283344745636 453.3881048935262 377.455126329882 -100.43462991714478
38.99288773536682 453.3881048935262 377.455126329882 -96.15815877914429
39.05423188209534 453.3881048935262 377.455126329882 -96.15815877914429
39.11596894264221 453.21626516562384 375.8624831603699 -96.15815877914429
39.178834438323975 452.54188605128644 369.6122097036896 -96.15815877914429
39.23916029930115 451.8947504444446 363.6144342383417 -96.15815877914429
39.30009078979492 451.24112877536004 357.55654471872987 -96.15815877914429
39.36308264732361 450.5653941353961 351.2937079936111 -96.15815877914429
39.425965309143066 449.89083087418106 345.04172782876554 -96.15815877914429
39.48649835586548 449.241472716831 339.02335334403466 -96.15815877914429
39.550079584121704 448.5594157007379 332.70191963857667 -96.15815877914429
39.6114387512207 447.9011954749056 326.6014098233945 -96.15815877914429
39.674105167388916 447.1861319220254 320.37611415752747 -97.64955282211304
39.734936475753784 446.02047919918743 314.40807184747484 -103.12437057495117
39.79711055755615 444.2426209801993 308.4526988200704 -108.7200379371643
39.858869791030884 441.91047134709254 302.73646848358095 -114.27836894989014
39.92102026939392 439.01539408398514 297.2395119712552 -119.87191200256348
39.9823956489563 435.64473112968875 292.1130054057473 -125.39569616317749
40.04407477378845 435.64473112968875 292.1130054057473 -126.91165924072266
40.1054949760437 435.64473112968875 292.1130054057473 -126.91165924072266
40.16908121109009 435.64473112968875 292.1130054057473 -129.8327136039734
40.23102641105652 435.64473112968875 292.1130054057473 -135.40778160095215
40.29235506057739 435.64473112968875 292.1130054057473 -140.9273600578308
40.35425090789795 435.64473112968875 292.1130054057473 -146.4979863166809
40.4163863658905 435.64473112968875 292.1130054057473 -152.09017753601074
40.47965884208679 435.64473112968875 292.1130054057473 -157.78470039367676
40.540982246398926 435.64473112968875 292.1130054057473 -163.3038067817688
40.60360360145569 435.64473112968875 292.1130054057473 -166.12385988235474
40.66582942008972 431.11148121892785 290.9931426787065 -166.12385988235474
40.72799468040466 425.07637557017017 289.50227189001373 -166.12385988235474
40.78933072090149 419.121771944295 288.0312877646756 -166.12385988235474
40.85242438316345 412.99653550856084 286.51815168929426 -166.12385988235474
40.913496255874634 407.067577725513 285.05350293572053 -166.12385988235474
40.97525382041931 401.072051852238 283.57240966121304 -166.12385988235474
41.037639141082764 395.01558238314664 282.07626130199816 -166.12385988235474
41.101157665252686 388.8490996550673 280.5529360276238 -166.12385988235474
41.16398096084595 382.7501108599164 279.0462839879654 -166.12385988235474
41.224141120910645 376.9096636391178 277.6035002719616 -166.12385988235474
41.28709673881531 370.79782877648563 276.09367482857635 -166.12385988235474
41.347944259643555 364.8906514429871 274.63440656672685 -166.12385988235474
41.41014647483826 358.8519581537617 273.14264951212846 -166.12385988235474
41.4719500541687 352.85196508945273 271.6604526936223 -166.12385988235474
41.53330111503601 346.89590326132287 270.18910834407734 -166.12385988235474
41.59456133842468 340.9486600849234 268.719942493307 -166.12385988235474
41.65880107879639 334.70181629219013 267.22373949704894 -167.65743970870972
41.719417572021484 328.7158641451612 266.28298683226365 -173.1129240989685
41.781264781951904 322.54440290416863 265.9154952367531 -178.6791729927063
41.84243559837341 316.43368918352644 266.14173227614197 -184.1845464706421
41.90529751777649 310.2068555003909 266.98600911419345 -189.84211921691895
41.96825861930847 304.0841346968705 268.44297119508025 -195.50861835479736
42.02930665016174 298.31206811951773 270.4240683873774 -201.0029411315918
42.091110706329346 292.68531838224123 272.9754765667033 -206.56530618667603
42.153156757354736 287.3170204430241 276.081844906135 -212.14945077896118
42.21601867675781 282.2107719439179 279.7441323081373 -217.80702352523804
42.277239084243774 277.60553449317035 283.7745445464925 -223.3168601989746
42.337953090667725 273.43470885962154 288.18319766747214 -228.78112077713013
42.39008903503418 270.21078103134255 292.2789660987485 -233.47335577011108
42.44537949562073 267.1547868023305 296.8843012912911 -238.4494972229004
42.508960247039795 264.1747220581715 302.4979485785084 -244.17176485061646
42.5709273815155 261.5976580223543 308.13333267747504 -245.46066284179688
42.63337230682373 259.00420855692346 313.81379980947725 -245.46066284179688
42.69370079040527 257.78245643964715 316.48981985079666 -245.46066284179688
42.75660586357117 255.16989621045778 322.21214554485863 -245.46066284179688
42.81761193275452 252.63620501408522 327.7617233390211 -245.46066284179688
42.87862205505371 250.10234548456037 333.3116698355437 -245.46066284179688
42.93996453285217 247.5546826365488 338.89184992559547 -245.46066284179688
43.00396013259888 244.89683088744675 344.7133782429017 -245.46066284179688
43.067118406295776 243.60071512466453 347.5522779738941 -245.46066284179688
43.12899422645569 243.60071512466453 347.5522779738941 -242.75652408599854
43.19230103492737 243.60071512466453 347.5522779738941 -237.05891132354736
43.25408363342285 243.60071512466453 347.5522779738941 -231.49847745895386
43.31643557548523 243.60071512466453 347.5522779738941 -225.88680267333984
43.37829375267029 243.60071512466453 347.5522779738941 -220.31956672668457
43.440038204193115 238.66146011256592 351.2535333098054 -214.76256608963013
43.50200843811035 233.48342410303636 354.658095249554 -213.32494497299194
43.56517314910889 228.20558138069396 358.12828016588077 -213.32494497299194
43.62745475769043 225.61548761495277 359.83126844927506 -213.32494497299194
43.68929982185364 225.61548761495277 359.83126844927506 -213.32494497299194
43.75102734565735 225.61548761495277 359.83126844927506 -213.32494497299194
43.813092947006226 220.42948300559783 363.2410697484312 -213.32494497299194
43.875967025756836 215.17592459122326 366.6952877169638 -213.32494497299194
43.93802332878113 209.99069692035127 370.1045781785776 -213.32494497299194
43.999003648757935 204.89537497700914 373.454755567677 -213.32494497299194
44.063055753707886 199.5433844332916 376.9736927232899 -213.32494497299194
44.12352895736694 194.49043551952087 380.2960098187403 -213.32494497299194
44.186086654663086 189.20522090851193 383.6406008799666 -210.54561853408813
44.2480583190918 183.68848574428048 386.45865287347743 -204.96816873550415
44.31013631820679 177.91381321755802 388.7305365375808 -199.38114881515503
44.37351751327515 171.81788941706864 390.45713167167935 -193.67684125900269
44.43513226509094 165.75622481007218 391.54898658847475 -188.13151359558105
44.4976327419281 159.56901504302795 392.43302920470643 -188.13151359558105
44.56000542640686 153.40058556415366 393.35463922004834 -189.56501483917236
44.621466398239136 147.41481171715446 394.7392388888268 -195.09650230407715
44.683737993240356 141.51510646795583 396.72485192732654 -200.700945854187
44.74490451812744 135.93545999047186 399.2257115304742 -206.20593309402466
44.80805587768555 130.45521077879823 402.358995615788 -211.88955545425415
44.86948800086975 125.44625685360374 405.9117890544919 -217.41844654083252
44.93197178840637 120.72763887957252 410.00413166346164 -223.04198741912842
44.994067907333374 116.43139225858987 414.4857529768621 -227.2804570198059
45.05522704124451 112.28229360819041 418.97901203870714 -227.2804570198059
45.116283655166626 108.14015001946132 423.46473912878935 -227.2804570198059
45.17713141441345 104.01217534706524 427.93512201593154 -227.2804570198059
45.23904514312744 100.09743664045057 432.72892076265606 -232.85269260406494
45.300949573516846 100.09743664045057 432.72892076265606 -238.42409133911133
45.363075256347656 100.09743664045057 432.72892076265606 -244.01540279388428
45.425201416015625 100.09743664045057 432.72892076265606 -249.60675716400146
45.48771858215332 100.09743664045057 432.72892076265606 -255.23330211639404
45.551141023635864 100.09743664045057 432.72892076265606 -260.941321849823
45.61332607269287 100.09743664045057 432.72892076265606 -263.71506929397583
45.67506289482117 100.09743664045057 432.72892076265606 -263.71506929397583
45.73677325248718 100.09743664045057 432.72892076265606 -263.71506929397583
45.79819941520691 100.09743664045057 432.72892076265606 -263.71506929397583
45.85970878601074 100.09743664045057 432.72892076265606 -263.71506929397583
45.9219765663147 100.09743664045057 432.72892076265606 -263.71506929397583
45.98406434059143 100.09743664045057 432.72892076265606 -263.71506929397583
46.046902656555176 100.09743664045057 432.72892076265606 -263.71506929397583
46.10912871360779 99.58258334936453 437.4036756311699 -263.71506929397583
46.17430901527405 98.86903577061348 443.8825310166454 -263.71506929397583
46.234384298324585 98.21137430437814 449.85395276794134 -263.71506929397583
46.29706025123596 97.52524255440836 456.0838784460834 -263.71506929397583
46.358694076538086 96.85051927622108 462.2102177046945 -263.71506929397583
46.42133402824402 96.16478164184024 468.43656489980094 -263.71506929397583
46.48369264602661 95.48212385113436 474.6349477903897 -263.71506929397583
46.54706788063049 94.78833686260639 480.93438135425237 -263.71506929397583
46.607706785202026 94.12450526887305 486.9618265088363 -263.71506929397583
46.67105221748352 93.43104453497165 493.25829775230517 -263.71506929397583
46.73307704925537 92.75204079608353 499.4235026544832 -263.71506929397583
46.79520869255066 92.07186776061374 505.59932451295265 -263.71506929397583
46.859057903289795 91.37289201850454 511.9458708203586 -263.71506929397583
46.92005515098572 90.70513753914113 518.0089349153576 -263.71506929397583
46.981407165527344 90.03349932470283 524.1072624723246 -263.71506929397583
47.03179955482483 89.48183929166382 529.1162144783873 -263.71506929397583
47.0883674621582 88.59336808595135 534.7006278551622 -258.89872312545776
47.150954484939575 88.2499735603908 536.2462305663665 -253.26589107513428
47.212831258773804 88.2499735603908 536.2462305663665 -250.54001569747925
47.27440428733826 88.2499735603908 536.2462305663665 -250.54001569747925
47.33612418174744 88.2499735603908 536.2462305663665 -250.54001569747925
47.39768123626709 88.2499735603908 536.2462305663665 -244.99988079071045
47.46087408065796 88.2499735603908 536.2462305663665 -239.31252479553223
47.52334666252136 88.2499735603908 536.2462305663665 -237.93734550476074
47.58506512641907 88.2499735603908 536.2462305663665 -237.93734550476074
47.646464824676514 88.2499735603908 536.2462305663665 -237.93734550476074
47.70890021324158 88.2499735603908 536.2462305663665 -243.55653047561646
47.7709858417511 88.2499735603908 536.2462305663665 -249.1442370414734
47.83340549468994 88.2499735603908 536.2462305663665 -254.76200580596924
47.89641547203064 88.2499735603908 536.2462305663665 -260.4329037666321
47.95902609825134 88.2499735603908 536.2462305663665 -266.06786012649536
48.02157759666443 88.2499735603908 536.2462305663665 -271.6974949836731
48.083216428756714 88.2499735603908 536.2462305663665 -277.24498987197876
48.146058797836304 88.2499735603908 536.2462305663665 -282.90080308914185
48.19662117958069 88.2499735603908 536.2462305663665 -287.4514174461365
48.25604510307312 88.2499735603908 536.2462305663665 -292.7995705604553
48.3196918964386 88.2499735603908 536.2462305663665 -298.5277819633484
48.37947964668274 88.2499735603908 536.2462305663665 -303.90867948532104
48.44304537773132 88.2499735603908 536.2462305663665 -309.6295952796936
48.50327157974243 88.2499735603908 536.2462305663665 -315.04995346069336
48.567219734191895 88.2499735603908 536.2462305663665 -320.805287361145
48.62946629524231 88.2499735603908 536.2462305663665 -326.4074778556824
48.69400763511658 88.2499735603908 536.2462305663665 -330.6910300254822
48.75422167778015 88.2499735603908 536.2462305663665 -330.6910300254822
48.8175687789917 88.2499735603908 536.2462305663665 -330.6910300254822
48.88171172142029 88.2499735603908 536.2462305663665 -330.6910300254822
48.94310545921326 88.2499735603908 536.2462305663665 -330.6910300254822
49.004056215286255 88.2499735603908 536.2462305663665 -330.6910300254822
49.06583762168884 88.2499735603908 536.2462305663665 -330.6910300254822
49.12675881385803 88.2499735603908 536.2462305663665 -330.6910300254822
49.188353061676025 88.2499735603908 536.2462305663665 -330.6910300254822
49.24955654144287 88.2499735603908 536.2462305663665 -330.6910300254822
49.31100249290466 88.2499735603908 536.2462305663665 -330.6910300254822
49.373982667922974 88.2499735603908 536.2462305663665 -330.6910300254822
49.4350221157074 88.2499735603908 536.2462305663665 -330.6910300254822
49.49734616279602 88.2499735603908 536.2462305663665 -332.14680433273315
49.559876441955566 88.2499735603908 536.2462305663665 -337.7745294570923
49.6213321685791 88.2499735603908 536.2462305663665 -343.30554485321045
49.6849365234375 88.2499735603908 536.2462305663665 -347.51071214675903
49.745914936065674 88.2499735603908 536.2462305663665 -347.51071214675903
49.8083655834198 88.2499735603908 536.2462305663665 -347.51071214675903
49.871073722839355 88.2499735603908 536.2462305663665 -350.4348134994507
49.93192267417908 88.2499735603908 536.2462305663665 -355.91121912002563
49.99434161186218 88.2499735603908 536.2462305663665 -361.5289235115051
50.056129932403564 88.2499735603908 536.2462305663665 -367.0898723602295
50.117562770843506 88.2499735603908 536.2462305663665 -367.0898723602295
50.18102407455444 88.2499735603908 536.2462305663665 -367.0898723602295
50.244073152542114 88.2499735603908 536.2462305663665 -367.0898723602295
50.30597686767578 88.2499735603908 536.2462305663665 -367.0898723602295
50.36613368988037 88.2499735603908 536.2462305663665 -367.0898723602295
50.428030014038086 88.2499735603908 536.2462305663665 -367.0898723602295
50.48909664154053 88.2499735603908 536.2462305663665 -367.0898723602295
50.5510458946228 88.2499735603908 536.2462305663665 -367.0898723602295
50.61305260658264 88.2499735603908 536.2462305663665 -367.0898723602295
50.67505717277527 88.2499735603908 536.2462305663665 -367.0898723602295
50.7366418838501 88.2499735603908 536.2462305663665 -367.0898723602295
50.79817843437195 88.2499735603908 536.2462305663665 -362.9279851913452
50.86217188835144 88.2499735603908 536.2462305663665 -357.1685743331909
50.924065828323364 88.2499735603908 536.2462305663665 -351.5981197357178
50.98527503013611 88.2499735603908 536.2462305663665 -346.0892915725708
51.04809021949768 88.2499735603908 536.2462305663665 -344.6363067626953
51.11000156402588 88.2499735603908 536.2462305663665 -344.6363067626953
51.17195701599121 88.2499735603908 536.2462305663665 -344.6363067626953
51.23362851142883 88.2499735603908 536.2462305663665 -344.6363067626953
51.29762601852417 88.2499735603908 536.2462305663665 -344.6363067626953
51.35954785346985 89.56372756877087 536.6072032145263 -344.6363067626953
51.4219434261322 95.5803048111738 538.2603436092991 -344.6363067626953
51.4841148853302 101.57527161053048 539.9075462266763 -344.6363067626953
51.546062707901 107.54867394650697 541.548823700227 -344.6363067626953
51.60820388793945 113.54072103706909 543.1952240859774 -344.6363067626953
51.66919708251953 119.42207208160183 544.8112091545368 -344.6363067626953
51.7311909198761 125.39991145535271 546.4537057674888 -344.6363067626953
51.79304075241089 131.36386496995473 548.0923870426249 -344.6363067626953
51.85533118247986 137.37030369599236 549.7427417354493 -344.6363067626953
51.91706442832947 143.32301518224372 551.3783341029829 -344.6363067626953
51.97899889945984 149.29513008757064 553.0192578366035 -344.6363067626953
52.04119300842285 155.292280921065 554.6670605485048 -344.6363067626953
52.10302662849426 161.33179870080926 555.9804937378452 -349.92639541625977
52.16604495048523 167.59041803581502 556.6965035192794 -355.5980443954468
52.22861933708191 173.84467647240902 556.7926952745117 -361.22973918914795
52.28980207443237 179.9404177356163 556.2945833016354 -366.7361855506897
52.35206413269043 179.9404177356163 556.2945833016354 -372.3397707939148
52.41452980041504 179.9404177356163 556.2945833016354 -375.145468711853
52.477919578552246 179.9404177356163 556.2945833016354 -375.145468711853
52.54010343551636 179.9404177356163 556.2945833016354 -375.145468711853
52.60110282897949 179.9404177356163 556.2945833016354 -375.145468711853
52.66204881668091 179.9404177356163 556.2945833016354 -377.8539848327637
52.72400665283203 179.9404177356163 556.2945833016354 -383.43019008636475
52.78636860847473 179.9404177356163 556.2945833016354 -389.04276609420776
52.84914541244507 179.9404177356163 556.2945833016354 -394.6926784515381
52.91110301017761 179.9404177356163 556.2945833016354 -394.6926784515381
52.97398519515991 179.9404177356163 556.2945833016354 -394.6926784515381
53.035882234573364 179.9404177356163 556.2945833016354 -394.6926784515381
53.09703493118286 179.9404177356163 556.2945833016354 -394.6926784515381
53.15819954872131 179.9404177356163 556.2945833016354 -394.6926784515381
53.219621896743774 179.9404177356163 556.2945833016354 -394.6926784515381
53.28236985206604 179.9404177356163 556.2945833016354 -394.6926784515381
53.34477877616882 179.9404177356163 556.2945833016354 -394.6926784515381
53.40791440010071 179.9404177356163 556.2945833016354 -394.6926784515381
53.4682879447937 179.9404177356163 556.2945833016354 -394.6926784515381
53.52910375595093 179.9404177356163 556.2945833016354 -394.6926784515381
53.5919086933136 179.9404177356163 556.2945833016354 -394.6926784515381
53.654311418533325 179.9404177356163 556.2945833016354 -394.6926784515381
53.71649885177612 179.9404177356163 556.2945833016354 -394.6926784515381
53.77926182746887 179.9404177356163 556.2945833016354 -394.6926784515381
53.841068267822266 179.9404177356163 556.2945833016354 -394.6926784515381
53.90302276611328 179.9404177356163 556.2945833016354 -394.6926784515381
53.96526646614075 179.9404177356163 556.2945833016354 -394.6926784515381
54.0261595249176 179.9404177356163 556.2945833016354 -394.6926784515381
54.08824276924133 179.9404177356163 556.2945833016354 -394.6926784515381
54.150113105773926 179.9404177356163 556.2945833016354 -394.6926784515381
54.21334624290466 179.9404177356163 556.2945833016354 -394.6926784515381
